%% This function is to calculate power loss and minimum voltage for 119 nodes test system
% 	Input:
%				- chorm
%		Output
%				- power_loss 
%				- min_v
%		Kaifeng Yang, Feb. 19, 2014
%       This function need the platform of MATPOWER by Ray D. Zimmerman, Carlos E. Murillo-Sánchez & Deqiang (David) Gan
%		http://www.pserc.cornell.edu//matpower/
function power_loss = calculation_119(chorm)
mpc.version = '2';

%%-----  Power Flow Data  -----%%
%% system MVA base
mpc.baseMVA = 1;

%% bus data
%	bus_i	type	Pd	Qd	Gs	Bs	area	Vm	Va	baseKV	zone	Vmax	Vmin
mpc.bus = [
1	3	0	0	0	0	1	1	0	11	1	1.05000000000000	0.950000000000000
2	1	0.133840000000000	0.101140000000000	0	0	1	1	0	11	1	1.05000000000000	0.950000000000000
3	1	0.0162140000000000	0.0112920000000000	0	0	1	1	0	11	1	1.05000000000000	0.950000000000000
4	1	0.0343150000000000	0.0218450000000000	0	0	1	1	0	11	1	1.05000000000000	0.950000000000000
5	1	0.0730160000000000	0.0636020000000000	0	0	1	1	0	11	1	1.05000000000000	0.950000000000000
6	1	0.144200000000000	0.0686040000000000	0	0	1	1	0	11	1	1.05000000000000	0.950000000000000
7	1	0.104470000000000	0.0617250000000000	0	0	1	1	0	11	1	1.05000000000000	0.950000000000000
8	1	0.0285470000000000	0.0115030000000000	0	0	1	1	0	11	1	1.05000000000000	0.950000000000000
9	1	0.0875600000000000	0.0510730000000000	0	0	1	1	0	11	1	1.05000000000000	0.950000000000000
10	1	0.198200000000000	0.106770000000000	0	0	1	1	0	11	1	1.05000000000000	0.950000000000000
11	1	0.146800000000000	0.0759950000000000	0	0	1	1	0	11	1	1.05000000000000	0.950000000000000
12	1	0.0260400000000000	0.0186870000000000	0	0	1	1	0	11	1	1.05000000000000	0.950000000000000
13	1	0.0521000000000000	0.0232200000000000	0	0	1	1	0	11	1	1.05000000000000	0.950000000000000
14	1	0.141900000000000	0.117500000000000	0	0	1	1	0	11	1	1.05000000000000	0.950000000000000
15	1	0.0218700000000000	0.0287900000000000	0	0	1	1	0	11	1	1.05000000000000	0.950000000000000
16	1	0.0333700000000000	0.0264500000000000	0	0	1	1	0	11	1	1.05000000000000	0.950000000000000
17	1	0.0324300000000000	0.0252300000000000	0	0	1	1	0	11	1	1.05000000000000	0.950000000000000
18	1	0.0202340000000000	0.0119060000000000	0	0	1	1	0	11	1	1.05000000000000	0.950000000000000
19	1	0.156940000000000	0.0785230000000000	0	0	1	1	0	11	1	1.05000000000000	0.950000000000000
20	1	0.546290000000000	0.351400000000000	0	0	1	1	0	11	1	1.05000000000000	0.950000000000000
21	1	0.180310000000000	0.164200000000000	0	0	1	1	0	11	1	1.05000000000000	0.950000000000000
22	1	0.0931670000000000	0.0545940000000000	0	0	1	1	0	11	1	1.05000000000000	0.950000000000000
23	1	0.0851800000000000	0.0396500000000000	0	0	1	1	0	11	1	1.05000000000000	0.950000000000000
24	1	0.168100000000000	0.0951780000000000	0	0	1	1	0	11	1	1.05000000000000	0.950000000000000
25	1	0.125110000000000	0.150220000000000	0	0	1	1	0	11	1	1.05000000000000	0.950000000000000
26	1	0.0160300000000000	0.0246200000000000	0	0	1	1	0	11	1	1.05000000000000	0.950000000000000
27	1	0.0260300000000000	0.0246200000000000	0	0	1	1	0	11	1	1.05000000000000	0.950000000000000
28	1	0.594560000000000	0.522620000000000	0	0	1	1	0	11	1	1.05000000000000	0.950000000000000
29	1	0.120620000000000	0.0591170000000000	0	0	1	1	0	11	1	1.05000000000000	0.950000000000000
30	1	0.102380000000000	0.0995540000000000	0	0	1	1	0	11	1	1.05000000000000	0.950000000000000
31	1	0.513400000000000	0.318500000000000	0	0	1	1	0	11	1	1.05000000000000	0.950000000000000
32	1	0.475250000000000	0.456140000000000	0	0	1	1	0	11	1	1.05000000000000	0.950000000000000
33	1	0.151430000000000	0.136790000000000	0	0	1	1	0	11	1	1.05000000000000	0.950000000000000
34	1	0.205380000000000	0.0833020000000000	0	0	1	1	0	11	1	1.05000000000000	0.950000000000000
35	1	0.131600000000000	0.0930820000000000	0	0	1	1	0	11	1	1.05000000000000	0.950000000000000
36	1	0.448400000000000	0.369790000000000	0	0	1	1	0	11	1	1.05000000000000	0.950000000000000
37	1	0.440520000000000	0.321640000000000	0	0	1	1	0	11	1	1.05000000000000	0.950000000000000
38	1	0.112540000000000	0.0551340000000000	0	0	1	1	0	11	1	1.05000000000000	0.950000000000000
39	1	0.0539630000000000	0.0389980000000000	0	0	1	1	0	11	1	1.05000000000000	0.950000000000000
40	1	0.393050000000000	0.342600000000000	0	0	1	1	0	11	1	1.05000000000000	0.950000000000000
41	1	0.326740000000000	0.278560000000000	0	0	1	1	0	11	1	1.05000000000000	0.950000000000000
42	1	0.536260000000000	0.240240000000000	0	0	1	1	0	11	1	1.05000000000000	0.950000000000000
43	1	0.0762470000000000	0.0665620000000000	0	0	1	1	0	11	1	1.05000000000000	0.950000000000000
44	1	0.0535200000000000	0.0397600000000000	0	0	1	1	0	11	1	1.05000000000000	0.950000000000000
45	1	0.0403280000000000	0.0319640000000000	0	0	1	1	0	11	1	1.05000000000000	0.950000000000000
46	1	0.0396530000000000	0.0207580000000000	0	0	1	1	0	11	1	1.05000000000000	0.950000000000000
47	1	0.0661950000000000	0.0423610000000000	0	0	1	1	0	11	1	1.05000000000000	0.950000000000000
48	1	0.0739040000000000	0.0516530000000000	0	0	1	1	0	11	1	1.05000000000000	0.950000000000000
49	1	0.114770000000000	0.0579650000000000	0	0	1	1	0	11	1	1.05000000000000	0.950000000000000
50	1	0.918370000000000	1.20510000000000	0	0	1	1	0	11	1	1.05000000000000	0.950000000000000
51	1	0.210300000000000	0.146660000000000	0	0	1	1	0	11	1	1.05000000000000	0.950000000000000
52	1	0.0666800000000000	0.0566080000000000	0	0	1	1	0	11	1	1.05000000000000	0.950000000000000
53	1	0.0422070000000000	0.0401840000000000	0	0	1	1	0	11	1	1.05000000000000	0.950000000000000
54	1	0.433740000000000	0.283410000000000	0	0	1	1	0	11	1	1.05000000000000	0.950000000000000
55	1	0.0621000000000000	0.0268600000000000	0	0	1	1	0	11	1	1.05000000000000	0.950000000000000
56	1	0.0924600000000000	0.0883800000000000	0	0	1	1	0	11	1	1.05000000000000	0.950000000000000
57	1	0.0851880000000000	0.0554360000000000	0	0	1	1	0	11	1	1.05000000000000	0.950000000000000
58	1	0.345300000000000	0.332400000000000	0	0	1	1	0	11	1	1.05000000000000	0.950000000000000
59	1	0.0225000000000000	0.0168300000000000	0	0	1	1	0	11	1	1.05000000000000	0.950000000000000
60	1	0.0805510000000000	0.0491560000000000	0	0	1	1	0	11	1	1.05000000000000	0.950000000000000
61	1	0.0958600000000000	0.0907580000000000	0	0	1	1	0	11	1	1.05000000000000	0.950000000000000
62	1	0.0629200000000000	0.0477000000000000	0	0	1	1	0	11	1	1.05000000000000	0.950000000000000
63	1	0.478800000000000	0.463740000000000	0	0	1	1	0	11	1	1.05000000000000	0.950000000000000
64	1	0.120940000000000	0.0520060000000000	0	0	1	1	0	11	1	1.05000000000000	0.950000000000000
65	1	0.139110000000000	0.100340000000000	0	0	1	1	0	11	1	1.05000000000000	0.950000000000000
66	1	0.391780000000000	0.193500000000000	0	0	1	1	0	11	1	1.05000000000000	0.950000000000000
67	1	0.0277410000000000	0.0267130000000000	0	0	1	1	0	11	1	1.05000000000000	0.950000000000000
68	1	0.0528140000000000	0.0252570000000000	0	0	1	1	0	11	1	1.05000000000000	0.950000000000000
69	1	0.0668900000000000	0.0387130000000000	0	0	1	1	0	11	1	1.05000000000000	0.950000000000000
70	1	0.467500000000000	0.395140000000000	0	0	1	1	0	11	1	1.05000000000000	0.950000000000000
71	1	0.594850000000000	0.239740000000000	0	0	1	1	0	11	1	1.05000000000000	0.950000000000000
72	1	0.132500000000000	0.0843630000000000	0	0	1	1	0	11	1	1.05000000000000	0.950000000000000
73	1	0.0526990000000000	0.0224820000000000	0	0	1	1	0	11	1	1.05000000000000	0.950000000000000
74	1	0.869790000000000	0.614775000000000	0	0	1	1	0	11	1	1.05000000000000	0.950000000000000
75	1	0.0313490000000000	0.0298170000000000	0	0	1	1	0	11	1	1.05000000000000	0.950000000000000
76	1	0.192390000000000	0.122430000000000	0	0	1	1	0	11	1	1.05000000000000	0.950000000000000
77	1	0.0657500000000000	0.0453700000000000	0	0	1	1	0	11	1	1.05000000000000	0.950000000000000
78	1	0.238150000000000	0.223220000000000	0	0	1	1	0	11	1	1.05000000000000	0.950000000000000
79	1	0.294550000000000	0.162470000000000	0	0	1	1	0	11	1	1.05000000000000	0.950000000000000
80	1	0.485570000000000	0.437920000000000	0	0	1	1	0	11	1	1.05000000000000	0.950000000000000
